-0.000000000000000000e+00
-2.721354963779206160e-01
-5.390470360167329833e-01
-8.007346189164370465e-01
-1.057198245077032972e+00
-1.308437914498520760e+00
-1.554453627180899744e+00
-1.795245383124171035e+00
-2.030813182328333966e+00
-2.261157024793388537e+00
-2.486276910519335193e+00
-2.706172839506172600e+00
-2.920844811753902537e+00
-3.130292827262524558e+00
-3.334516886032037775e+00
-3.533516988062442188e+00
-3.727293133353739130e+00
-3.915845321905928600e+00
-4.099173553719007934e+00
-4.277277828792979797e+00
-4.450158147127844188e+00
-4.617814508723599332e+00
-4.780246913580246115e+00
-4.937455361697786316e+00
-5.089439853076216380e+00
-5.236200387715538973e+00
-5.377736965615753206e+00
-5.514049586776859968e+00
-5.645138251198856594e+00
-5.771002958881746636e+00
-5.891643709825527431e+00
-6.007060504030199866e+00
-6.117253341495764829e+00
-6.222222222222223209e+00
-6.321967146209571453e+00
-6.416488113457811338e+00
-6.505785123966941086e+00
-6.589858177736964251e+00
-6.668707274767879056e+00
-6.742332415059689055e+00
-6.810733598612386253e+00
-6.873910825425976867e+00
-6.931864095500458234e+00
-6.984593408835831241e+00
-7.032098765432097665e+00
-7.074380165289256617e+00
-7.111437608407305433e+00
-7.143271094786245889e+00
-7.169880624426077986e+00
-7.191266197326801723e+00
-7.207427813488417989e+00
-7.218365472910925895e+00
-7.224079175594326330e+00
-7.224568921538618405e+00
-7.219834710743801232e+00
-7.209876543209874811e+00
-7.194694418936840918e+00
-7.174288337924700443e+00
-7.148658300173451607e+00
-7.117804305683090860e+00
-7.081726354453625305e+00
-7.040424446485053167e+00
-6.993898581777367340e+00
-6.942148760330576707e+00
-6.885174982144675937e+00
-6.822977247219670360e+00
-6.755555555555556424e+00
-6.682909907152328799e+00
-6.605040302009998143e+00
-6.521946740128555575e+00
-6.433629221508008200e+00
-6.340087746148352466e+00
-6.241322314049584818e+00
-6.137332925211712364e+00
-6.028119579634727998e+00
-5.913682277318638825e+00
-5.794021018263437739e+00
-5.669135802469133623e+00
-5.539026629935721147e+00
-5.403693500663194982e+00
-5.263136414651562234e+00
-5.117355371900821126e+00
-4.966350372410975211e+00
-4.810121416182020937e+00
-4.648668503213954750e+00
-4.481991633506783757e+00
-4.310090807060497298e+00
-4.132966023875113137e+00
-3.950617283950613512e+00
-3.763044587287005527e+00
-3.570247933884296287e+00
-3.372227323742471583e+00
-3.168982756861542072e+00
-2.960514233241500648e+00
-2.746821752882354417e+00
-2.527905315784099827e+00
-2.303764921946736877e+00
-2.074400571370265567e+00
-1.839812264054682345e+00
-1.599999999999997868e+00
