0.000000000000000000e+00
1.921110090807060522e-01
3.805652484440363303e-01
5.653627180899908344e-01
7.465034180185695645e-01
9.239873482297724649e-01
1.097814508723599536e+00
1.267984899500051110e+00
1.434498520559126522e+00
1.597355371900826437e+00
1.756555453525150412e+00
1.912098765432098668e+00
2.063985307621670984e+00
2.212215080093868025e+00
2.356788082848688681e+00
2.497704315886133841e+00
2.634963779206203505e+00
2.768566472808897228e+00
2.898512396694214566e+00
3.024801550862156851e+00
3.147433935312722753e+00
3.266409550045913157e+00
3.381728395061728065e+00
3.493390470360167477e+00
3.601395775941230060e+00
3.705744311804918034e+00
3.806436077951229624e+00
3.903471074380165717e+00
3.996849301091724982e+00
4.086570758085909638e+00
4.172635445362717910e+00
4.255043362922150685e+00
4.333794510764207075e+00
4.408888888888888857e+00
4.480326497296194255e+00
4.548107335986124156e+00
4.612231404958677672e+00
4.672698704213855692e+00
4.729509233751658215e+00
4.782662993572084353e+00
4.832159983675134107e+00
4.878000204060809253e+00
4.920183654729108014e+00
4.958710335680032166e+00
4.993580246913579046e+00
5.024793388429752206e+00
5.052349760228547204e+00
5.076249362309966706e+00
5.096492194674011600e+00
5.113078257320680997e+00
5.126007550249974010e+00
5.135280073461890638e+00
5.140895826956432657e+00
5.142854810733599180e+00
5.141157024793388430e+00
5.135802469135800408e+00
5.126791143760838665e+00
5.114123048668501426e+00
5.097798183858789578e+00
5.077816549331699569e+00
5.054178145087234952e+00
5.026882971125394839e+00
4.995931027446178341e+00
4.961322314049585458e+00
4.923056830935617079e+00
4.881134578104273203e+00
4.835555555555553831e+00
4.786319763289458962e+00
4.733427201305987708e+00
4.676877869605140958e+00
4.616671768186918712e+00
4.552808897051320969e+00
4.485289256198345953e+00
4.414112845627995441e+00
4.339279665340269432e+00
4.260789715335167926e+00
4.178642995612690925e+00
4.092839506172838426e+00
4.003379247015608655e+00
3.910262218141003387e+00
3.813488419549020847e+00
3.713057851239666363e+00
3.608970513212934605e+00
3.501226405468827352e+00
3.389825528007341049e+00
3.274767880828482802e+00
3.156053463932249059e+00
3.033682277318638043e+00
2.907654320987651531e+00
2.777969594939287745e+00
2.644628099173552016e+00
2.507629833690437238e+00
2.366974798489945186e+00
2.222662993572081191e+00
2.074694418936836371e+00
1.923069074584223159e+00
1.767786960514229122e+00
1.608848076726861365e+00
1.446252423222116335e+00
1.279999999999997584e+00
