1
1
1
1
1
1
1
1
1
1
3
3
3
3
3
3
3
3
3
3
4
4
4
4
4
4
4
4
4
4
5
5
5
5
5
5
5
5
5
5
8
8
8
8
8
8
8
8
8
8
10
10
10
10
10
10
10
10
10
10
12
12
12
12
12
12
12
12
12
12
14
14
14
14
14
14
14
14
14
14
17
17
17
17
17
17
17
17
17
17
19
19
19
19
19
19
19
19
19
19
21
21
21
21
21
21
21
21
21
21
25
25
25
25
25
25
25
25
25
25
27
27
27
27
27
27
27
27
27
27
32
32
32
32
32
32
32
32
32
32
34
34
34
34
34
34
34
34
34
34
39
39
39
39
39
39
39
39
39
39
40
40
40
40
40
40
40
40
40
40
43
43
43
43
43
43
43
43
43
43
44
44
44
44
44
44
44
44
44
44
46
46
46
46
46
46
46
46
46
46
47
47
47
47
47
47
47
47
47
47
51
51
51
51
51
51
51
51
51
51
52
52
52
52
52
52
52
52
52
52
53
53
53
53
53
53
53
53
53
53
54
54
54
54
54
54
54
54
54
54
55
55
55
55
55
55
55
55
55
55
61
61
61
61
61
61
61
61
61
61
62
62
62
62
62
62
62
62
62
62
66
66
66
66
66
66
66
66
66
66
69
69
69
69
69
69
69
69
69
69
71
71
71
71
71
71
71
71
71
71
72
72
72
72
72
72
72
72
72
72
73
73
73
73
73
73
73
73
73
73
74
74
74
74
74
74
74
74
74
74
75
75
75
75
75
75
75
75
75
75
76
76
76
76
76
76
76
76
76
76
79
79
79
79
79
79
79
79
79
79
80
80
80
80
80
80
80
80
80
80
85
85
85
85
85
85
85
85
85
85
86
86
86
86
86
86
86
86
86
86
88
88
88
88
88
88
88
88
88
88
90
90
90
90
90
90
90
90
90
90
92
92
92
92
92
92
92
92
92
92
93
93
93
93
93
93
93
93
93
93
96
96
96
96
96
96
96
96
96
96
97
97
97
97
97
97
97
97
97
97
100
100
100
100
100
100
100
100
100
100
102
102
102
102
102
102
102
102
102
102
103
103
103
103
103
103
103
103
103
103
104
104
104
104
104
104
104
104
104
104
105
105
105
105
105
105
105
105
105
105
107
107
107
107
107
107
107
107
107
107
108
108
108
108
108
108
108
108
108
108
110
110
110
110
110
110
110
110
110
110
112
112
112
112
112
112
112
112
112
112
113
113
113
113
113
113
113
113
113
113
115
115
115
115
115
115
115
115
115
115
116
116
116
116
116
116
116
116
116
116
118
118
118
118
118
118
118
118
118
118
119
119
119
119
119
119
119
119
119
119
121
121
121
121
121
121
121
121
121
121
122
122
122
122
122
122
122
122
122
122
124
124
124
124
124
124
124
124
124
124
125
125
125
125
125
125
125
125
125
125
129
129
129
129
129
129
129
129
129
129
131
131
131
131
131
131
131
131
131
131
133
133
133
133
133
133
133
133
133
133
135
135
135
135
135
135
135
135
135
135
137
137
137
137
137
137
137
137
137
137
140
140
140
140
140
140
140
140
140
140
141
141
141
141
141
141
141
141
141
141
143
143
143
143
143
143
143
143
143
143
145
145
145
145
145
145
145
145
145
145
149
149
149
149
149
149
149
149
149
149
150
150
150
150
150
150
150
150
150
150
152
152
152
152
152
152
152
152
152
152
154
154
154
154
154
154
154
154
154
154
156
156
156
156
156
156
156
156
156
156
157
157
157
157
157
157
157
157
157
157
160
160
160
160
160
160
160
160
160
160
161
161
161
161
161
161
161
161
161
161
162
162
162
162
162
162
162
162
162
162
164
164
164
164
164
164
164
164
164
164
166
166
166
166
166
166
166
166
166
166
167
167
167
167
167
167
167
167
167
167
168
168
168
168
168
168
168
168
168
168
170
170
170
170
170
170
170
170
170
170
171
171
171
171
171
171
171
171
171
171
173
173
173
173
173
173
173
173
173
173
175
175
175
175
175
175
175
175
175
175
178
178
178
178
178
178
178
178
178
178
181
181
181
181
181
181
181
181
181
181
185
185
185
185
185
185
185
185
185
185
187
187
187
187
187
187
187
187
187
187
188
188
188
188
188
188
188
188
188
188
189
189
189
189
189
189
189
189
189
189
190
190
190
190
190
190
190
190
190
190
191
191
191
191
191
191
191
191
191
191
192
192
192
192
192
192
192
192
192
192
196
196
196
196
196
196
196
196
196
196
