0.000000000000000000e+00
1.762105907560453377e-01
3.492868074686257263e-01
5.192286501377411101e-01
6.860361187633916558e-01
8.497092133455771412e-01
1.010247933884297789e+00
1.167652280379553265e+00
1.321922252831344125e+00
1.473057851239669480e+00
1.621059075604530442e+00
1.765925925925926343e+00
1.907658402203857184e+00
2.046256504438322743e+00
2.181720232629324130e+00
2.314049586776859790e+00
2.443244566880931057e+00
2.569305172941537485e+00
2.692231404958677743e+00
2.812023262932354051e+00
2.928680746862565520e+00
3.042203856749311708e+00
3.152592592592593057e+00
3.259846954392409124e+00
3.363966942148761241e+00
3.464952555861647632e+00
3.562803795531068296e+00
3.657520661157025010e+00
3.749103152739516887e+00
3.837551270278543480e+00
3.922865013774105236e+00
4.005044383226202598e+00
4.084089378634834233e+00
4.160000000000001030e+00
4.232776247321702989e+00
4.302418120599940110e+00
4.368925619834710616e+00
4.432298745026018061e+00
4.492537496173859779e+00
4.549641873278238435e+00
4.603611876339149589e+00
4.654447505356596793e+00
4.702148760330579158e+00
4.746715641261096685e+00
4.788148148148149374e+00
4.826446280991737225e+00
4.861610039791858462e+00
4.893639424548517525e+00
4.922534435261709973e+00
4.948295071931436695e+00
4.970921334557699467e+00
4.990413223140497401e+00
5.006770737679828720e+00
5.019993878175696977e+00
5.030082644628099509e+00
5.037037037037037202e+00
5.040857055402510056e+00
5.041542699724518961e+00
5.039093970003062140e+00
5.033510866238139592e+00
5.024793388429753094e+00
5.012941536577901758e+00
4.997955310682584695e+00
4.979834710743802795e+00
4.958579736761556944e+00
4.934190388735845367e+00
4.906666666666668064e+00
4.876008570554026811e+00
4.842216100397919831e+00
4.805289256198348902e+00
4.765228037955312246e+00
4.722032445668809864e+00
4.675702479338843531e+00
4.626238138965412361e+00
4.573639424548515464e+00
4.517906336088154617e+00
4.459038873584328044e+00
4.397037037037037521e+00
4.331900826446283048e+00
4.263630241812062849e+00
4.192225283134375147e+00
4.117685950413223495e+00
4.040012243648607893e+00
3.959204162840528340e+00
3.875261707988981286e+00
3.788184879093972057e+00
3.697973676155495326e+00
3.604628099173554645e+00
3.508148148148150014e+00
3.408533823079277880e+00
3.305785123966943573e+00
3.199902050811143539e+00
3.090884603611876003e+00
2.978732782369146292e+00
2.863446587082952632e+00
2.745026017753291470e+00
2.623471074380168133e+00
2.498781756963575518e+00
2.370958065503520729e+00
2.240000000000001990e+00
