100 4000
0 1 89
0 2 51
0 4 82
0 6 31
0 7 4
0 8 86
0 9 40
0 10 81
0 11 9
0 12 68
0 13 45
0 14 89
0 15 27
0 16 7
0 17 10
0 18 94
0 19 34
0 21 73
0 22 48
0 23 85
0 24 65
0 25 26
0 26 13
0 27 77
0 28 37
0 29 29
0 31 87
0 33 57
0 34 38
0 35 80
0 36 42
0 37 57
0 38 20
0 39 20
0 40 53
0 42 61
0 43 34
0 44 100
0 45 88
0 46 19
0 47 34
0 48 33
0 49 6
0 50 65
0 51 40
0 52 27
0 53 69
0 54 95
0 56 29
0 57 46
0 58 84
0 59 9
0 60 84
0 61 43
0 62 87
0 63 78
0 64 25
0 65 12
0 66 24
0 68 2
0 69 99
0 71 94
0 72 11
0 73 14
0 74 14
0 75 11
0 76 92
0 77 31
0 79 52
0 80 36
0 81 55
0 83 32
0 84 59
0 85 41
0 86 76
0 87 40
0 88 25
0 89 69
0 90 82
0 92 45
0 93 28
0 94 85
0 96 22
0 97 31
0 99 48
1 2 65
1 3 52
1 4 10
1 5 55
1 6 16
1 7 90
1 8 47
1 10 57
1 12 82
1 13 7
1 14 90
1 15 60
1 16 49
1 17 99
1 18 58
1 19 96
1 20 48
1 22 91
1 23 25
1 24 82
1 25 52
1 26 87
1 27 87
1 29 78
1 30 80
1 31 43
1 32 68
1 33 50
1 34 18
1 35 10
1 36 24
1 37 94
1 38 43
1 39 12
1 40 60
1 43 27
1 44 30
1 46 22
1 47 42
1 48 92
1 49 40
1 50 78
1 52 92
1 56 25
1 57 9
1 58 59
1 60 74
1 61 70
1 62 66
1 63 59
1 64 24
1 65 32
1 66 39
1 67 99
1 69 43
1 70 18
1 71 38
1 73 64
1 75 39
1 76 74
1 77 33
1 78 76
1 79 8
1 81 9
1 82 21
1 84 26
1 85 26
1 86 38
1 87 96
1 88 51
1 89 33
1 90 67
1 91 12
1 92 53
1 93 33
1 94 74
1 95 49
1 97 40
1 98 77
1 99 99
2 4 35
2 5 90
2 6 31
2 7 58
2 8 8
2 10 65
2 11 80
2 12 99
2 13 15
2 14 64
2 15 46
2 17 46
2 18 87
2 19 38
2 20 69
2 21 72
2 22 42
2 24 7
2 25 75
2 26 52
2 27 55
2 28 44
2 30 37
2 31 2
2 33 50
2 34 97
2 35 2
2 36 50
2 38 95
2 39 16
2 40 33
2 41 29
2 42 62
2 44 26
2 45 57
2 48 73
2 50 34
2 51 25
2 52 4
2 53 35
2 54 86
2 55 62
2 56 57
2 57 81
2 59 42
2 60 13
2 61 76
2 62 84
2 63 22
2 64 17
2 65 95
2 66 12
2 67 15
2 68 5
2 69 16
2 70 2
2 71 43
2 72 30
2 73 75
2 75 10
2 76 49
2 79 42
2 80 41
2 81 26
2 82 77
2 83 78
2 84 100
2 85 76
2 88 77
2 91 75
2 93 34
2 94 56
2 95 87
2 96 21
2 97 78
2 98 59
2 99 45
3 4 22
3 6 47
3 7 15
3 8 96
3 9 90
3 11 64
3 12 53
3 13 60
3 14 52
3 16 98
3 17 1
3 18 59
3 19 36
3 20 60
3 22 22
3 24 72
3 25 52
3 26 20
3 27 25
3 28 9
3 29 89
3 32 4
3 33 38
3 34 45
3 35 49
3 36 77
3 37 1
3 38 32
3 39 62
3 40 45
3 41 10
3 43 20
3 44 26
3 45 84
3 46 61
3 47 75
3 48 91
3 49 47
3 50 57
3 51 27
3 52 73
3 53 17
3 55 11
3 56 77
3 58 87
3 63 31
3 66 85
3 67 14
3 69 60
3 71 78
3 72 35
3 73 10
3 75 57
3 76 97
3 77 88
3 78 78
3 79 15
3 82 89
3 83 47
3 84 70
3 85 20
3 86 4
3 87 6
3 88 90
3 89 70
3 90 50
3 92 47
3 93 19
3 94 83
3 96 49
3 97 29
3 98 70
3 99 5
4 5 55
4 6 69
4 7 41
4 8 97
4 9 85
4 10 9
4 12 93
4 14 33
4 15 42
4 16 67
4 17 52
4 18 57
4 19 45
4 20 72
4 21 75
4 22 47
4 23 63
4 24 86
4 26 5
4 28 71
4 29 95
4 30 42
4 31 44
4 32 45
4 33 85
4 34 29
4 35 76
4 36 9
4 37 87
4 38 79
4 40 12
4 43 57
4 44 61
4 47 9
4 48 74
4 49 39
4 50 77
4 52 59
4 53 7
4 54 79
4 55 47
4 56 33
4 57 82
4 58 6
4 59 24
4 60 13
4 61 62
4 62 27
4 64 61
4 65 48
4 66 46
4 67 33
4 68 7
4 69 78
4 70 22
4 71 49
4 72 44
4 73 5
4 74 66
4 75 80
4 76 5
4 78 68
4 80 44
4 81 3
4 82 5
4 83 65
4 84 30
4 85 22
4 86 46
4 87 38
4 88 21
4 90 77
4 91 14
4 93 30
4 94 67
4 95 39
4 96 17
4 97 62
4 98 60
4 99 51
5 6 24
5 7 16
5 9 3
5 10 64
5 11 32
5 13 30
5 14 76
5 15 13
5 16 43
5 17 81
5 18 35
5 19 81
5 20 36
5 21 75
5 22 34
5 23 51
5 24 20
5 25 14
5 27 10
5 28 51
5 29 62
5 30 64
5 31 4
5 33 58
5 35 36
5 36 96
5 37 38
5 38 57
5 39 50
5 40 51
5 42 33
5 44 67
5 45 37
5 46 22
5 47 12
5 48 52
5 49 69
5 50 82
5 51 50
5 55 62
5 56 91
5 57 100
5 58 22
5 60 14
5 61 80
5 62 38
5 63 26
5 64 81
5 66 98
5 67 53
5 70 17
5 71 27
5 72 70
5 74 88
5 75 65
5 76 26
5 77 91
5 78 70
5 79 97
5 80 64
5 81 32
5 82 89
5 83 92
5 84 7
5 85 11
5 86 16
5 87 45
5 88 4
5 89 56
5 90 24
5 91 13
5 92 98
5 93 30
5 94 66
5 96 88
5 97 67
5 98 40
6 7 70
6 9 50
6 10 50
6 12 34
6 14 2
6 15 100
6 16 73
6 17 37
6 18 91
6 19 81
6 20 94
6 21 9
6 22 50
6 23 87
6 24 65
6 25 99
6 26 39
6 27 3
6 28 87
6 29 19
6 30 3
6 31 29
6 32 42
6 33 44
6 34 58
6 36 99
6 39 34
6 40 100
6 41 74
6 43 40
6 44 81
6 45 58
6 46 53
6 47 88
6 48 31
6 51 59
6 53 64
6 55 46
6 56 52
6 57 62
6 58 94
6 60 40
6 61 98
6 62 70
6 63 59
6 64 40
6 65 43
6 66 6
6 68 13
6 69 1
6 70 91
6 71 13
6 72 18
6 73 87
6 74 55
6 75 44
6 76 97
6 77 62
6 79 70
6 80 39
6 82 44
6 83 5
6 84 19
6 86 52
6 87 46
6 88 60
6 89 81
6 90 99
6 91 34
6 92 17
6 93 66
6 95 71
6 97 1
6 98 66
6 99 4
7 8 53
7 10 80
7 11 26
7 12 8
7 13 21
7 15 33
7 16 96
7 17 80
7 19 84
7 21 74
7 22 22
7 23 66
7 24 68
7 27 82
7 29 16
7 30 92
7 32 40
7 33 95
7 34 37
7 35 47
7 36 92
7 37 31
7 38 53
7 39 49
7 40 83
7 42 90
7 43 82
7 44 87
7 46 94
7 47 27
7 48 4
7 51 26
7 53 62
7 54 85
7 55 72
7 56 32
7 57 32
7 58 62
7 59 75
7 61 3
7 62 37
7 64 53
7 65 19
7 67 8
7 69 73
7 70 94
7 71 12
7 74 43
7 75 35
7 76 34
7 77 59
7 78 37
7 80 35
7 81 56
7 82 62
7 83 76
7 84 12
7 85 79
7 86 31
7 87 71
7 88 79
7 89 25
7 91 34
7 92 81
7 94 71
7 96 3
7 97 78
7 98 86
7 99 24
8 9 13
8 10 14
8 12 79
8 13 69
8 14 71
8 16 22
8 17 93
8 18 3
8 22 80
8 23 26
8 24 65
8 25 9
8 27 6
8 29 85
8 30 32
8 31 15
8 32 72
8 33 58
8 34 28
8 36 71
8 38 89
8 39 33
8 40 34
8 41 3
8 42 70
8 43 28
8 44 1
8 45 2
8 47 11
8 48 56
8 49 44
8 50 69
8 51 92
8 52 18
8 53 57
8 54 53
8 58 48
8 59 57
8 60 8
8 61 96
8 62 70
8 63 27
8 64 7
8 65 92
8 66 16
8 67 46
8 68 79
8 69 84
8 70 78
8 71 5
8 72 84
8 73 73
8 74 69
8 75 41
8 76 63
8 77 73
8 78 71
8 79 57
8 80 5
8 82 69
8 83 91
8 84 20
8 85 56
8 86 79
8 87 66
8 88 87
8 89 71
8 90 77
8 91 47
8 92 60
8 93 94
8 96 53
8 97 8
8 98 47
8 99 56
9 10 71
9 12 35
9 13 89
9 14 4
9 15 35
9 16 54
9 17 16
9 18 35
9 19 86
9 21 43
9 22 26
9 23 9
9 27 40
9 28 27
9 29 62
9 31 52
9 34 83
9 35 42
9 36 6
9 37 21
9 38 58
9 43 89
9 44 40
9 45 39
9 48 15
9 49 37
9 50 24
9 51 11
9 52 39
9 53 88
9 54 72
9 55 25
9 56 42
9 57 90
9 58 82
9 59 14
9 60 8
9 61 89
9 65 70
9 66 36
9 69 11
9 70 70
9 71 25
9 73 39
9 74 68
9 75 83
9 76 21
9 77 78
9 78 83
9 80 38
9 81 81
9 83 91
9 84 90
9 86 26
9 87 14
9 88 87
9 89 56
9 90 5
9 91 77
9 92 71
9 93 9
9 94 32
9 95 35
9 96 53
9 98 44
9 99 95
10 12 48
10 13 35
10 14 47
10 15 93
10 16 42
10 17 88
10 18 98
10 19 40
10 20 29
10 21 89
10 22 42
10 23 30
10 25 82
10 27 3
10 29 91
10 30 74
10 32 1
10 33 76
10 34 12
10 35 52
10 37 50
10 38 51
10 39 42
10 41 93
10 42 52
10 43 59
10 45 86
10 46 68
10 48 31
10 49 23
10 50 18
10 51 51
10 52 75
10 53 92
10 54 55
10 58 55
10 59 48
10 61 75
10 62 20
10 63 39
10 64 86
10 66 99
10 67 26
10 68 30
10 71 25
10 72 51
10 73 1
10 74 12
10 75 94
10 76 95
10 77 60
10 79 32
10 80 98
10 82 55
10 83 95
10 84 95
10 85 65
10 86 20
10 87 5
10 88 77
10 89 43
10 90 22
10 91 80
10 92 19
10 93 87
10 95 68
10 96 50
10 97 47
10 98 35
10 99 26
11 12 95
11 15 76
11 16 94
11 17 43
11 18 72
11 19 50
11 20 85
11 23 35
11 24 46
11 25 84
11 26 3
11 28 66
11 29 24
11 30 40
11 31 64
11 32 90
11 33 89
11 34 1
11 35 69
11 36 62
11 37 2
11 38 70
11 39 94
11 40 22
11 41 87
11 42 28
11 43 7
11 45 88
11 48 18
11 49 12
11 50 72
11 51 2
11 53 29
11 56 74
11 57 76
11 58 86
11 59 46
11 61 64
11 64 67
11 65 87
11 67 10
11 69 89
11 71 63
11 73 50
11 74 64
11 75 39
11 76 21
11 79 30
11 80 57
11 82 15
11 83 38
11 84 56
11 85 43
11 86 66
11 87 81
11 88 29
11 89 59
11 90 72
11 92 87
11 94 39
11 95 8
11 97 36
11 98 92
11 99 26
12 13 33
12 14 16
12 15 28
12 16 5
12 17 62
12 18 91
12 19 9
12 21 83
12 22 98
12 24 35
12 25 47
12 27 91
12 28 11
12 29 17
12 30 97
12 31 10
12 32 38
12 33 12
12 35 85
12 36 65
12 37 13
12 38 44
12 39 8
12 40 29
12 41 10
12 42 57
12 43 51
12 44 47
12 45 76
12 46 55
12 47 38
12 48 8
12 49 90
12 50 61
12 52 39
12 53 94
12 54 73
12 55 99
12 56 65
12 57 61
12 58 52
12 59 12
12 60 89
12 61 65
12 62 92
12 63 53
12 64 92
12 65 31
12 66 67
12 67 45
12 69 96
12 70 23
12 71 77
12 72 100
12 73 40
12 75 76
12 76 54
12 77 74
12 78 60
12 79 59
12 80 9
12 81 70
12 82 28
12 83 9
12 84 58
12 86 74
12 88 75
12 89 5
12 90 40
12 91 67
12 92 46
12 94 36
12 95 89
12 96 49
12 98 44
13 14 56
13 17 13
13 18 23
13 20 66
13 21 6
13 22 38
13 24 8
13 25 81
13 26 90
13 27 83
13 29 85
13 30 38
13 31 82
13 32 94
13 33 44
13 34 70
13 35 73
13 36 23
13 37 90
13 39 83
13 40 33
13 42 35
13 43 58
13 44 73
13 45 77
13 46 96
13 47 70
13 48 56
13 49 63
13 50 74
13 52 11
13 53 45
13 54 1
13 55 25
13 57 31
13 59 63
13 61 3
13 62 90
13 63 58
13 64 43
13 66 27
13 67 3
13 68 100
13 72 11
13 76 6
13 77 12
13 78 55
13 80 23
13 81 84
13 82 55
13 83 49
13 84 16
13 85 24
13 86 29
13 87 36
13 88 83
13 89 20
13 90 37
13 91 93
13 92 81
13 93 81
13 94 51
13 95 66
13 96 89
13 97 72
13 98 81
13 99 27
14 15 43
14 16 62
14 17 77
14 18 42
14 19 40
14 20 37
14 21 31
14 22 81
14 23 25
14 24 99
14 25 48
14 26 73
14 27 83
14 28 56
14 29 72
14 30 57
14 31 80
14 34 39
14 35 25
14 36 74
14 38 5
14 39 68
14 40 67
14 41 90
14 43 46
14 44 54
14 46 90
14 47 60
14 48 31
14 49 92
14 50 6
14 51 95
14 52 14
14 53 30
14 54 95
14 55 74
14 56 9
14 57 89
14 58 88
14 59 97
14 60 64
14 61 65
14 62 52
14 63 88
14 64 72
14 65 39
14 66 67
14 69 83
14 70 21
14 71 60
14 72 42
14 73 66
14 74 96
14 75 12
14 78 43
14 79 47
14 82 2
14 83 13
14 85 6
14 87 30
14 88 18
14 89 24
14 90 27
14 91 46
14 93 27
14 94 51
14 95 68
14 98 63
14 99 14
15 16 4
15 17 92
15 18 80
15 19 37
15 20 69
15 22 18
15 23 40
15 24 22
15 25 43
15 26 25
15 27 64
15 28 48
15 29 50
15 30 33
15 31 16
15 32 79
15 33 76
15 34 25
15 35 89
15 39 81
15 40 7
15 41 96
15 43 46
15 44 84
15 45 60
15 46 74
15 47 52
15 48 68
15 49 53
15 51 73
15 52 44
15 53 74
15 54 78
15 55 57
15 56 76
15 57 74
15 59 90
15 63 13
15 64 57
15 65 85
15 69 60
15 70 38
15 71 64
15 72 9
15 73 17
15 74 49
15 75 93
15 76 70
15 77 77
15 78 34
15 79 50
15 80 41
15 81 48
15 82 43
15 83 93
15 84 65
15 86 88
15 87 83
15 88 6
15 89 55
15 90 33
15 91 80
15 92 9
15 94 9
15 95 67
15 97 60
15 98 5
15 99 38
16 17 74
16 18 59
16 19 66
16 20 21
16 21 69
16 22 7
16 23 32
16 24 10
16 25 7
16 26 1
16 27 72
16 28 31
16 29 4
16 30 80
16 31 44
16 33 12
16 34 73
16 35 54
16 36 40
16 37 71
16 38 100
16 39 57
16 40 67
16 41 61
16 42 87
16 43 24
16 44 59
16 45 67
16 46 54
16 47 2
16 48 86
16 49 38
16 50 70
16 51 88
16 52 86
16 53 68
16 54 56
16 55 47
16 57 6
16 58 73
16 59 14
16 61 7
16 62 75
16 63 95
16 64 21
16 66 47
16 67 39
16 68 17
16 70 93
16 71 73
16 72 42
16 73 74
16 74 24
16 75 92
16 76 80
16 77 31
16 79 69
16 80 41
16 81 69
16 82 64
16 86 81
16 87 85
16 88 96
16 90 46
16 91 50
16 92 21
16 93 16
16 94 46
16 95 21
16 97 72
16 99 66
17 18 63
17 19 20
17 20 17
17 21 99
17 22 60
17 23 30
17 24 94
17 25 46
17 26 67
17 27 55
17 31 77
17 32 39
17 33 57
17 34 39
17 35 24
17 36 54
17 38 35
17 40 13
17 41 85
17 42 67
17 44 8
17 45 49
17 46 56
17 47 86
17 48 8
17 49 32
17 51 11
17 52 73
17 53 41
17 54 76
17 57 71
17 58 54
17 59 15
17 60 12
17 61 86
17 62 3
17 63 70
17 64 95
17 67 62
17 68 76
17 69 98
17 71 77
17 72 84
17 73 52
17 74 25
17 76 34
17 77 62
17 78 59
17 79 22
17 80 57
17 83 24
17 84 27
17 85 43
17 86 63
17 87 80
17 88 37
17 90 6
17 91 100
17 92 31
17 93 91
17 94 22
17 95 71
17 96 66
17 98 60
17 99 5
18 19 7
18 20 41
18 22 16
18 23 33
18 24 61
18 25 93
18 26 95
18 27 38
18 28 33
18 29 22
18 30 41
18 32 66
18 33 34
18 34 58
18 36 2
18 37 16
18 38 21
18 39 29
18 40 51
18 41 13
18 42 73
18 43 62
18 44 42
18 45 42
18 46 96
18 47 64
18 48 47
18 49 48
18 50 48
18 52 42
18 53 41
18 54 49
18 55 42
18 56 88
18 57 81
18 58 28
18 59 18
18 60 33
18 61 59
18 62 42
18 63 25
18 65 73
18 67 33
18 68 58
18 69 36
18 70 2
18 71 31
18 72 75
18 73 54
18 74 46
18 75 77
18 77 81
18 78 89
18 79 56
18 80 15
18 81 47
18 83 58
18 85 49
18 86 86
18 87 4
18 88 83
18 90 96
18 91 38
18 92 14
18 93 51
18 94 92
18 95 92
18 96 5
18 97 43
18 98 55
19 21 61
19 22 37
19 23 41
19 24 66
19 25 94
19 28 97
19 29 40
19 30 38
19 31 55
19 33 40
19 34 6
19 35 37
19 36 50
19 39 35
19 40 36
19 41 62
19 42 5
19 43 93
19 44 20
19 45 75
19 46 69
19 47 63
19 48 5
19 49 87
19 50 78
19 51 82
19 53 35
19 56 37
19 58 52
19 59 43
19 60 82
19 61 94
19 62 74
19 64 60
19 66 31
19 67 81
19 68 94
19 69 18
19 70 21
19 71 31
19 72 46
19 73 9
19 74 9
19 75 5
19 76 10
19 77 6
19 78 90
19 79 82
19 80 20
19 82 59
19 85 13
19 86 10
19 87 23
19 88 67
19 89 98
19 90 77
19 91 59
19 92 74
19 93 73
19 95 46
19 96 52
19 98 79
19 99 7
20 21 10
20 22 51
20 23 89
20 24 94
20 26 49
20 27 15
20 28 42
20 29 92
20 30 20
20 31 53
20 32 88
20 33 80
20 34 95
20 35 78
20 36 10
20 39 76
20 40 89
20 41 84
20 42 43
20 43 20
20 44 21
20 45 68
20 46 14
20 47 65
20 48 42
20 49 72
20 51 37
20 52 64
20 53 55
20 55 28
20 56 88
20 57 8
20 58 74
20 60 59
20 61 27
20 62 57
20 65 88
20 67 77
20 68 45
20 69 53
20 70 86
20 74 2
20 75 91
20 76 36
20 77 26
20 78 99
20 80 83
20 82 97
20 83 39
20 84 63
20 85 19
20 86 93
20 87 54
20 88 80
20 90 80
20 91 60
20 93 97
20 94 80
20 95 22
20 96 45
20 97 100
20 99 59
21 22 11
21 24 7
21 25 41
21 26 22
21 28 64
21 29 33
21 30 64
21 31 93
21 32 9
21 33 77
21 34 87
21 35 86
21 38 56
21 39 21
21 40 31
21 41 91
21 42 95
21 43 51
21 44 52
21 46 90
21 47 97
21 48 4
21 49 46
21 50 20
21 51 8
21 52 20
21 53 90
21 54 69
21 55 49
21 56 90
21 59 24
21 61 93
21 63 62
21 64 46
21 65 44
21 66 45
21 67 1
21 68 43
21 69 71
21 70 96
21 71 84
21 72 64
21 73 21
21 75 65
21 76 57
21 77 83
21 79 23
21 82 56
21 84 22
21 85 21
21 86 35
21 87 53
21 88 56
21 89 56
21 90 39
21 93 54
21 94 10
21 95 31
21 97 26
21 98 75
21 99 68
22 23 46
22 24 82
22 26 100
22 27 29
22 28 66
22 29 12
22 30 35
22 31 77
22 32 19
22 33 23
22 34 91
22 36 72
22 38 9
22 39 36
22 40 10
22 41 2
22 42 13
22 43 100
22 44 48
22 45 10
22 46 32
22 47 35
22 48 77
22 49 4
22 50 31
22 52 38
22 53 88
22 54 86
22 55 61
22 56 63
22 57 66
22 58 91
22 59 70
22 61 75
22 63 16
22 64 58
22 65 21
22 67 82
22 68 17
22 69 56
22 70 10
22 71 26
22 72 52
22 74 7
22 75 91
22 76 23
22 77 54
22 78 21
22 79 36
22 80 28
22 81 62
22 82 19
22 83 55
22 84 10
22 85 19
22 87 47
22 88 49
22 89 94
22 90 90
22 92 10
22 93 2
22 96 37
22 97 2
22 98 54
22 99 31
23 24 79
23 25 11
23 26 12
23 27 62
23 28 55
23 30 28
23 31 47
23 33 54
23 34 100
23 35 23
23 36 34
23 37 99
23 39 63
23 41 57
23 42 96
23 43 82
23 44 93
23 46 38
23 47 65
23 48 63
23 49 94
23 50 21
23 51 57
23 52 12
23 53 48
23 54 56
23 55 76
23 60 7
23 61 29
23 63 17
23 66 51
23 67 17
23 68 83
23 69 62
23 70 39
23 71 72
23 72 69
23 73 78
23 74 12
23 75 60
23 76 88
23 77 94
23 78 84
23 79 38
23 80 69
23 81 22
23 82 97
23 83 73
23 84 40
23 85 30
23 86 6
23 87 42
23 88 13
23 89 51
23 91 37
23 92 10
23 93 62
23 94 40
23 95 15
23 97 48
23 98 81
23 99 55
24 25 61
24 26 97
24 28 17
24 29 83
24 30 11
24 31 86
24 32 96
24 33 35
24 34 97
24 35 96
24 36 74
24 37 48
24 38 2
24 39 67
24 40 22
24 41 41
24 42 72
24 43 25
24 44 41
24 45 72
24 46 16
24 47 1
24 48 85
24 49 100
24 50 55
24 51 42
24 52 58
24 53 25
24 54 38
24 55 6
24 58 54
24 62 56
24 63 59
24 64 23
24 65 16
24 66 69
24 68 83
24 70 42
24 71 82
24 72 53
24 73 50
24 74 31
24 75 9
24 76 7
24 78 68
24 79 91
24 81 99
24 82 94
24 84 19
24 85 29
24 86 53
24 88 64
24 90 19
24 91 60
24 92 96
24 93 29
24 94 14
24 95 12
24 96 88
24 97 6
24 98 47
25 26 96
25 27 31
25 28 57
25 29 60
25 30 33
25 31 12
25 33 56
25 34 65
25 35 7
25 36 18
25 37 80
25 38 56
25 39 52
25 41 74
25 42 27
25 43 48
25 44 20
25 45 36
25 46 42
25 47 99
25 49 60
25 50 70
25 51 78
25 52 86
25 53 48
25 54 31
25 55 16
25 57 90
25 58 43
25 59 1
25 62 79
25 63 2
25 64 85
25 65 94
25 66 83
25 67 82
25 68 83
25 69 31
25 70 76
25 73 66
25 74 17
25 75 46
25 76 3
25 77 67
25 78 80
25 79 37
25 80 59
25 81 37
25 82 7
25 83 18
25 84 85
25 86 16
25 87 10
25 88 86
25 89 30
25 91 86
25 92 78
25 93 89
25 94 84
25 95 100
25 96 17
25 98 51
25 99 8
26 27 22
26 29 52
26 30 85
26 31 96
26 32 3
26 33 52
26 34 47
26 35 97
26 37 38
26 38 65
26 39 61
26 41 25
26 42 4
26 44 90
26 45 91
26 46 70
26 48 56
26 49 20
26 50 60
26 51 16
26 52 47
26 53 1
26 54 70
26 56 10
26 57 13
26 58 57
26 59 93
26 60 59
26 62 36
26 63 1
26 65 12
26 66 18
26 67 38
26 69 9
26 71 83
26 72 53
26 73 66
26 75 47
26 76 17
26 77 94
26 78 25
26 80 40
26 81 63
26 83 85
26 86 39
26 87 75
26 88 37
26 89 53
26 90 64
26 92 65
26 93 98
26 94 10
26 95 55
26 96 28
26 97 21
26 98 14
26 99 32
27 28 51
27 29 90
27 30 48
27 31 36
27 32 37
27 33 86
27 34 38
27 36 49
27 37 2
27 38 2
27 39 69
27 40 10
27 41 92
27 42 40
27 43 1
27 44 77
27 45 8
27 46 8
27 47 59
27 48 23
27 49 15
27 50 12
27 51 39
27 52 98
27 53 86
27 56 98
27 57 28
27 58 74
27 59 74
27 60 97
27 61 56
27 62 93
27 64 67
27 65 71
27 66 6
27 67 34
27 68 1
27 70 37
27 72 99
27 73 78
27 74 74
27 76 45
27 77 30
27 78 12
27 79 20
27 82 23
27 83 77
27 85 90
27 86 93
27 87 20
27 88 60
27 90 65
27 91 86
27 92 20
27 93 24
27 94 5
27 95 97
27 96 13
27 98 6
28 30 39
28 31 38
28 32 3
28 33 69
28 37 43
28 38 44
28 40 79
28 41 21
28 42 93
28 44 7
28 46 50
28 47 36
28 48 34
28 49 15
28 51 23
28 53 37
28 54 99
28 55 57
28 56 23
28 57 91
28 58 30
28 59 46
28 60 65
28 61 46
28 62 32
28 63 30
28 64 54
28 67 43
28 68 39
28 69 1
28 70 63
28 72 81
28 73 95
28 74 84
28 75 78
28 76 52
28 77 24
28 78 67
28 79 1
28 81 4
28 82 46
28 83 73
28 86 73
28 87 92
28 88 7
28 89 80
28 90 83
28 91 83
28 92 40
28 94 65
28 95 77
28 96 8
28 97 12
28 98 75
28 99 34
29 30 70
29 31 19
29 33 61
29 34 48
29 35 16
29 36 18
29 38 76
29 39 15
29 42 93
29 43 61
29 44 27
29 45 98
29 46 73
29 47 77
29 48 92
29 49 49
29 50 77
29 52 31
29 54 73
29 55 35
29 56 56
29 57 3
29 58 53
29 59 43
29 60 100
29 62 80
29 63 10
29 64 48
29 67 57
29 68 1
29 70 77
29 71 65
29 73 82
29 75 79
29 76 79
29 77 53
29 78 34
29 79 92
29 80 5
29 81 41
29 82 75
29 83 92
29 84 71
29 85 60
29 86 18
29 87 37
29 90 99
29 92 65
29 93 32
29 94 38
29 95 52
29 96 67
29 97 14
30 31 15
30 32 51
30 33 46
30 34 57
30 35 48
30 37 1
30 38 40
30 41 33
30 42 32
30 44 27
30 45 89
30 46 14
30 47 40
30 49 10
30 50 31
30 52 18
30 53 74
30 54 88
30 55 100
30 56 19
30 57 69
30 58 83
30 59 37
30 61 43
30 62 55
30 63 51
30 64 65
30 65 47
30 66 79
30 67 10
30 68 10
30 69 41
30 70 47
30 71 23
30 72 89
30 74 83
30 75 97
30 76 60
30 77 3
30 78 35
30 79 45
30 80 72
30 82 2
30 85 26
30 86 33
30 87 73
30 89 5
30 90 98
30 91 34
30 92 22
30 93 23
30 94 41
30 95 33
30 96 80
30 97 39
30 98 94
30 99 22
31 32 79
31 33 50
31 34 31
31 35 3
31 36 34
31 37 90
31 38 36
31 39 23
31 40 52
31 41 63
31 42 2
31 43 36
31 46 31
31 47 46
31 48 15
31 49 39
31 52 50
31 53 93
31 55 6
31 57 6
31 58 33
31 59 8
31 60 68
31 61 14
31 63 77
31 64 31
31 65 39
31 66 65
31 67 96
31 68 64
31 69 81
31 70 86
31 72 22
31 73 63
31 74 4
31 75 100
31 76 2
31 78 70
31 79 7
31 80 40
31 82 39
31 84 68
31 85 89
31 86 71
31 87 98
31 88 25
31 89 64
31 91 83
31 94 82
31 95 48
31 96 59
31 97 48
31 98 77
31 99 54
32 34 31
32 35 61
32 38 10
32 39 29
32 40 12
32 41 29
32 42 36
32 43 23
32 44 83
32 45 13
32 46 62
32 47 28
32 48 51
32 49 99
32 53 21
32 54 22
32 56 4
32 57 76
32 58 80
32 59 45
32 60 79
32 61 26
32 62 18
32 63 14
32 64 26
32 65 42
32 66 91
32 67 71
32 69 96
32 70 16
32 71 8
32 72 30
32 74 95
32 75 36
32 76 41
32 77 31
32 78 64
32 79 3
32 81 74
32 82 76
32 83 78
32 84 12
32 85 4
32 86 68
32 87 28
32 88 74
32 89 40
32 90 76
32 92 62
32 93 74
32 94 39
32 95 11
32 96 82
32 97 16
32 98 24
32 99 18
33 34 63
33 35 82
33 36 95
33 37 10
33 38 60
33 39 54
33 40 83
33 41 29
33 42 55
33 43 11
33 45 66
33 46 89
33 47 84
33 48 35
33 49 11
33 50 73
33 53 40
33 54 98
33 55 12
33 57 45
33 58 34
33 59 57
33 60 7
33 61 4
33 62 22
33 65 52
33 66 5
33 67 28
33 68 60
33 69 91
33 70 81
33 72 23
33 73 71
33 74 32
33 75 90
33 77 51
33 78 45
33 80 64
33 82 57
33 83 29
33 84 73
33 85 23
33 86 94
33 87 85
33 88 16
33 89 81
33 90 3
33 91 97
33 92 2
33 94 8
33 95 72
33 96 99
33 97 34
33 98 60
33 99 75
34 35 88
34 37 27
34 38 13
34 39 74
34 40 25
34 41 91
34 42 1
34 43 99
34 44 92
34 46 19
34 47 91
34 48 3
34 50 35
34 51 31
34 54 15
34 55 28
34 56 20
34 59 60
34 60 90
34 61 14
34 63 48
34 65 91
34 66 41
34 67 58
34 68 67
34 69 73
34 70 89
34 72 41
34 73 95
34 74 31
34 75 21
34 76 70
34 77 92
34 78 5
34 79 59
34 80 87
34 81 34
34 82 5
34 83 34
34 84 25
34 85 29
34 86 31
34 87 4
34 88 68
34 89 57
34 91 39
34 92 53
34 93 40
34 94 87
34 95 2
34 96 50
34 98 71
35 36 36
35 37 68
35 38 16
35 40 7
35 41 61
35 42 36
35 44 7
35 45 66
35 46 80
35 47 13
35 49 97
35 50 24
35 51 33
35 52 45
35 54 75
35 58 48
35 59 27
35 60 3
35 61 84
35 62 73
35 63 42
35 64 71
35 65 60
35 66 100
35 67 20
35 68 20
35 69 80
35 70 21
35 71 18
35 72 84
35 74 95
35 75 68
35 76 21
35 77 76
35 79 98
35 80 7
35 81 55
35 82 22
35 83 29
35 84 60
35 87 22
35 88 70
35 89 39
35 90 68
35 93 49
35 94 55
35 95 32
35 96 6
35 97 35
35 98 24
35 99 43
36 37 20
36 38 26
36 40 94
36 41 87
36 42 36
36 43 33
36 44 58
36 45 74
36 46 63
36 47 86
36 49 35
36 50 48
36 51 66
36 52 74
36 53 5
36 54 3
36 55 31
36 56 48
36 57 55
36 58 45
36 60 95
36 61 41
36 62 6
36 64 47
36 65 88
36 66 20
36 67 86
36 68 43
36 69 4
36 70 73
36 71 34
36 72 36
36 73 12
36 74 55
36 75 36
36 76 75
36 77 78
36 78 38
36 80 8
36 81 38
36 82 30
36 83 82
36 84 89
36 85 26
36 86 14
36 87 17
36 88 10
36 89 14
36 90 84
36 91 40
36 92 60
36 93 97
36 95 61
36 96 30
36 98 31
36 99 57
37 38 62
37 41 64
37 42 97
37 44 87
37 45 50
37 47 46
37 48 30
37 49 99
37 50 7
37 51 93
37 52 22
37 53 21
37 54 38
37 55 98
37 56 92
37 57 36
37 59 29
37 60 32
37 61 84
37 62 44
37 63 59
37 64 58
37 65 56
37 66 100
37 68 40
37 69 99
37 70 34
37 71 51
37 72 90
37 74 71
37 75 37
37 76 65
37 77 98
37 78 8
37 79 65
37 80 98
37 82 42
37 83 80
37 84 63
37 86 6
37 87 1
37 89 69
37 90 2
37 91 16
37 92 29
37 93 4
37 94 36
37 95 72
37 96 6
37 97 84
37 98 93
37 99 9
38 39 11
38 41 17
38 42 30
38 43 34
38 44 73
38 45 84
38 46 77
38 47 21
38 48 29
38 49 21
38 51 93
38 52 52
38 54 84
38 55 68
38 56 41
38 57 88
38 58 29
38 59 49
38 60 62
38 61 49
38 62 14
38 63 36
38 65 27
38 66 82
38 67 65
38 69 70
38 70 3
38 73 37
38 74 12
38 75 93
38 76 10
38 77 77
38 79 10
38 80 96
38 81 74
38 83 79
38 84 48
38 86 16
38 87 11
38 88 8
38 89 78
38 90 31
38 91 25
38 92 48
38 93 68
38 94 98
38 96 77
38 97 83
38 98 16
38 99 57
39 40 30
39 41 72
39 43 7
39 44 2
39 45 15
39 46 72
39 47 86
39 48 49
39 50 57
39 51 5
39 53 66
39 54 61
39 56 90
39 57 36
39 58 43
39 59 58
39 60 87
39 62 49
39 64 68
39 65 5
39 66 50
39 67 69
39 68 1
39 69 43
39 70 25
39 71 91
39 72 72
39 73 59
39 74 10
39 75 43
39 76 47
39 77 16
39 78 73
39 79 3
39 80 7
39 81 62
39 82 24
39 84 66
39 86 5
39 87 41
39 88 69
39 89 92
39 90 73
39 91 21
39 92 87
39 93 44
39 94 51
39 95 69
39 96 100
40 42 28
40 43 88
40 45 36
40 46 89
40 47 1
40 49 38
40 50 23
40 51 82
40 52 15
40 53 23
40 54 41
40 55 42
40 56 99
40 57 41
40 58 71
40 60 41
40 61 42
40 62 55
40 63 2
40 64 30
40 65 24
40 66 83
40 67 64
40 68 31
40 69 55
40 70 39
40 73 69
40 74 35
40 76 53
40 77 38
40 78 8
40 80 82
40 81 64
40 82 31
40 83 8
40 84 62
40 85 90
40 86 83
40 87 63
40 88 95
40 89 76
40 90 29
40 91 77
40 94 78
40 95 9
40 96 43
40 97 73
40 98 93
41 42 27
41 43 89
41 45 97
41 46 35
41 47 1
41 48 22
41 49 76
41 50 79
41 51 49
41 53 74
41 55 42
41 56 88
41 57 93
41 58 33
41 59 66
41 61 1
41 63 88
41 64 35
41 65 32
41 66 45
41 68 21
41 71 31
41 73 72
41 74 70
41 75 31
41 76 35
41 78 7
41 79 28
41 80 65
41 81 100
41 82 73
41 84 47
41 85 31
41 86 43
41 87 42
41 89 93
41 90 74
41 91 89
41 93 24
41 96 66
41 97 16
41 98 35
41 99 47
42 44 58
42 46 71
42 48 31
42 49 68
42 50 11
42 51 12
42 52 18
42 53 79
42 54 65
42 55 71
42 56 65
42 57 8
42 58 11
42 59 72
42 60 26
42 62 45
42 63 75
42 64 88
42 65 99
42 67 17
42 68 21
42 70 28
42 72 57
42 73 74
42 75 28
42 77 29
42 78 6
42 79 33
42 80 28
42 83 64
42 84 11
42 85 69
42 86 79
42 87 18
42 88 14
42 89 99
42 90 63
42 91 60
42 93 60
42 94 25
42 95 61
42 96 60
42 97 83
42 98 22
42 99 87
43 44 33
43 45 97
43 46 14
43 47 17
43 48 10
43 50 7
43 51 95
43 53 58
43 54 56
43 55 51
43 56 35
43 57 27
43 58 61
43 60 39
43 64 73
43 65 11
43 67 7
43 70 24
43 72 44
43 74 33
43 75 30
43 76 88
43 77 20
43 78 4
43 79 94
43 80 27
43 81 47
43 82 93
43 83 9
43 84 76
43 85 77
43 86 24
43 88 31
43 89 53
43 90 68
43 92 29
43 93 100
43 95 12
43 96 34
43 97 82
43 98 39
43 99 15
44 45 93
44 47 88
44 48 78
44 49 66
44 51 44
44 52 79
44 53 11
44 54 34
44 55 90
44 56 96
44 57 86
44 58 8
44 59 31
44 60 88
44 61 85
44 62 27
44 63 50
44 64 99
44 65 92
44 66 80
44 67 100
44 68 37
44 69 57
44 71 48
44 72 13
44 75 27
44 78 79
44 80 17
44 82 69
44 83 40
44 88 50
44 90 100
44 91 45
44 92 43
44 93 66
44 94 40
44 95 95
44 96 79
44 97 77
44 98 41
44 99 42
45 46 97
45 47 39
45 49 96
45 50 9
45 51 12
45 52 74
45 53 26
45 54 49
45 57 5
45 59 93
45 60 21
45 62 71
45 63 99
45 64 76
45 65 43
45 66 22
45 67 75
45 68 96
45 69 25
45 70 44
45 71 23
45 72 58
45 73 25
45 74 56
45 75 39
45 77 30
45 78 73
45 81 88
45 82 22
45 83 75
45 84 38
45 85 58
45 86 51
45 88 42
45 89 47
45 90 55
45 91 25
45 94 22
45 95 69
45 96 82
45 97 44
45 98 80
45 99 61
46 47 89
46 48 14
46 49 30
46 50 56
46 52 69
46 53 57
46 54 82
46 55 39
46 56 12
46 58 53
46 59 64
46 60 51
46 61 71
46 62 76
46 63 6
46 65 83
46 67 100
46 69 43
46 70 31
46 71 24
46 72 28
46 73 27
46 78 31
46 79 24
46 81 4
46 82 81
46 83 64
46 84 80
46 85 63
46 86 39
46 87 58
46 88 35
46 89 66
46 90 56
46 91 26
46 92 47
46 93 14
46 94 92
46 95 38
46 97 96
46 98 69
47 48 59
47 49 90
47 51 99
47 52 97
47 54 57
47 55 74
47 56 41
47 57 40
47 58 77
47 59 61
47 60 88
47 61 79
47 62 30
47 63 25
47 64 41
47 66 40
47 67 56
47 68 18
47 69 17
47 70 88
47 71 44
47 72 85
47 74 47
47 75 85
47 76 85
47 78 36
47 79 47
47 80 58
47 81 19
47 83 39
47 84 95
47 85 53
47 86 65
47 87 24
47 88 98
47 89 57
47 90 6
47 92 95
47 93 87
47 94 79
47 95 100
47 97 34
47 98 45
47 99 57
48 49 2
48 50 57
48 51 74
48 52 81
48 53 99
48 54 59
48 55 33
48 56 43
48 57 85
48 59 38
48 60 98
48 61 1
48 62 29
48 63 49
48 64 69
48 65 98
48 66 97
48 67 28
48 69 7
48 70 25
48 71 73
48 72 99
48 73 96
48 74 29
48 75 47
48 76 11
48 78 17
48 79 99
48 80 42
48 81 75
48 82 82
48 83 21
48 84 63
48 85 20
48 87 36
48 88 84
48 89 46
48 90 66
48 91 30
48 92 1
48 93 2
48 94 27
48 95 40
48 96 80
48 97 24
48 98 71
48 99 100
49 50 30
49 51 42
49 52 23
49 54 33
49 55 7
49 56 22
49 57 87
49 59 23
49 60 5
49 61 44
49 62 76
49 63 45
49 64 46
49 65 10
49 66 85
49 69 16
49 71 75
49 72 68
49 73 72
49 74 3
49 76 80
49 77 10
49 79 93
49 80 8
49 82 52
49 83 62
49 84 37
49 85 3
49 86 96
49 87 6
49 88 48
49 90 27
49 91 54
49 92 6
49 93 24
49 94 21
49 95 9
49 96 71
49 97 70
49 98 56
49 99 50
50 51 93
50 52 16
50 53 10
50 54 38
50 56 38
50 57 73
50 58 40
50 59 3
50 60 32
50 61 65
50 62 7
50 63 9
50 64 86
50 67 61
50 68 24
50 70 91
50 71 65
50 72 1
50 73 83
50 74 38
50 75 96
50 76 78
50 77 77
50 78 19
50 81 93
50 82 50
50 83 67
50 84 92
50 85 94
50 87 39
50 88 57
50 89 97
50 90 76
50 91 54
50 92 94
50 94 23
50 95 69
50 96 46
50 98 43
50 99 89
51 52 73
51 54 5
51 57 8
51 58 25
51 59 63
51 60 72
51 61 24
51 62 70
51 63 89
51 64 7
51 65 14
51 66 19
51 67 53
51 68 78
51 69 98
51 70 49
51 71 16
51 72 54
51 74 59
51 75 24
51 77 70
51 78 67
51 79 87
51 82 49
51 83 14
51 84 78
51 85 63
51 86 42
51 87 89
51 88 54
51 89 84
51 90 27
51 92 62
51 93 45
51 94 80
51 95 66
51 96 21
51 97 74
51 98 18
51 99 99
52 53 79
52 54 92
52 57 14
52 58 82
52 60 28
52 61 79
52 62 86
52 63 43
52 64 53
52 65 77
52 67 76
52 68 48
52 69 21
52 70 100
52 71 31
52 73 10
52 75 56
52 76 83
52 77 84
52 78 33
52 79 46
52 80 86
52 82 1
52 85 97
52 86 17
52 87 70
52 88 33
52 89 82
52 91 6
52 92 24
52 93 70
52 94 92
52 95 52
52 96 11
52 98 5
52 99 89
53 55 12
53 56 81
53 57 41
53 58 9
53 59 85
53 60 18
53 61 38
53 62 98
53 64 98
53 66 96
53 67 75
53 68 1
53 70 47
53 71 47
53 72 29
53 73 6
53 74 5
53 76 11
53 77 93
53 78 10
53 79 80
53 80 34
53 81 33
53 82 99
53 84 65
53 85 71
53 86 91
53 87 94
53 88 12
53 89 56
53 92 26
53 93 99
53 94 81
53 95 40
53 96 20
53 97 3
53 98 16
54 55 87
54 58 51
54 59 3
54 60 12
54 61 75
54 62 83
54 63 51
54 64 71
54 65 38
54 66 2
54 67 59
54 69 75
54 70 80
54 71 47
54 73 77
54 74 1
54 75 79
54 76 45
54 77 36
54 78 62
54 79 91
54 81 80
54 83 95
54 85 18
54 86 65
54 87 37
54 88 96
54 89 17
54 90 6
54 92 31
54 93 13
54 94 33
54 95 84
54 99 45
55 56 51
55 58 9
55 59 4
55 61 84
55 62 9
55 63 33
55 64 23
55 65 2
55 66 20
55 67 95
55 68 38
55 69 45
55 70 20
55 71 61
55 72 3
55 73 74
55 74 90
55 75 26
55 77 13
55 78 7
55 79 56
55 80 49
55 81 34
55 82 30
55 83 94
55 84 2
55 86 9
55 87 64
55 88 36
55 89 91
55 90 37
55 91 56
55 92 41
55 93 42
55 94 80
55 95 23
55 96 18
55 97 70
55 98 12
55 99 94
56 58 76
56 59 37
56 60 45
56 61 80
56 62 4
56 63 30
56 64 32
56 66 35
56 67 20
56 68 4
56 69 92
56 71 89
56 72 81
56 73 80
56 74 59
56 75 86
56 76 76
56 77 18
56 78 20
56 79 13
56 80 9
56 81 69
56 82 3
56 83 40
56 84 100
56 85 42
56 86 49
56 87 15
56 88 16
56 92 71
56 94 48
56 95 98
56 96 12
56 97 21
56 98 50
56 99 49
57 60 13
57 61 63
57 62 89
57 64 68
57 65 47
57 66 3
57 67 41
57 68 100
57 69 16
57 70 56
57 71 100
57 72 3
57 73 50
57 75 89
57 77 47
57 79 54
57 80 41
57 82 14
57 84 27
57 85 69
57 86 17
57 87 96
57 88 62
57 89 68
57 90 68
57 92 100
57 93 47
57 95 15
57 96 18
57 97 93
57 98 32
57 99 70
58 59 62
58 60 97
58 61 47
58 62 56
58 63 10
58 64 49
58 65 57
58 67 72
58 68 79
58 71 59
58 72 67
58 73 61
58 74 1
58 75 40
58 76 32
58 77 14
58 78 37
58 79 97
58 80 37
58 84 99
58 86 73
58 87 97
58 88 95
58 89 26
58 90 12
58 91 64
58 95 38
58 96 5
58 97 99
58 98 77
58 99 1
59 60 61
59 62 27
59 63 24
59 64 28
59 65 59
59 66 65
59 67 70
59 68 5
59 70 42
59 71 26
59 73 48
59 74 17
59 75 71
59 77 27
59 78 6
59 79 27
59 81 34
59 82 10
59 83 13
59 84 14
59 85 71
59 86 41
59 87 59
59 88 44
59 89 25
59 90 1
59 91 39
59 93 38
59 94 31
59 96 54
59 97 70
59 98 90
59 99 98
60 61 59
60 62 38
60 63 14
60 64 60
60 65 3
60 66 87
60 68 10
60 69 36
60 71 64
60 73 90
60 74 95
60 76 66
60 78 6
60 79 53
60 80 100
60 81 94
60 83 95
60 85 68
60 86 3
60 88 57
60 89 48
60 90 88
60 91 12
60 93 84
60 94 56
60 95 49
60 96 10
60 97 40
60 98 74
60 99 45
61 62 24
61 63 50
61 64 37
61 65 24
61 66 68
61 68 21
61 70 54
61 71 92
61 72 43
61 73 37
61 74 27
61 75 50
61 76 40
61 77 61
61 78 81
61 80 27
61 81 20
61 82 100
61 83 57
61 84 47
61 85 83
61 86 20
61 87 32
61 89 54
61 90 95
61 91 89
61 94 13
61 95 42
61 96 37
61 97 91
61 98 61
61 99 100
62 63 71
62 64 50
62 65 90
62 66 100
62 67 23
62 68 16
62 69 28
62 70 35
62 71 100
62 72 21
62 73 58
62 74 39
62 75 100
62 76 26
62 77 82
62 79 48
62 80 74
62 81 19
62 83 38
62 85 97
62 86 88
62 88 31
62 90 16
62 91 69
62 92 83
62 94 99
62 95 13
62 97 89
62 98 65
63 64 69
63 65 38
63 66 13
63 67 93
63 68 88
63 70 91
63 73 75
63 75 93
63 76 88
63 77 34
63 78 18
63 80 87
63 81 64
63 82 98
63 83 15
63 84 9
63 85 68
63 86 17
63 87 36
63 88 54
63 89 82
63 90 40
63 93 84
63 94 31
63 95 70
63 96 89
63 97 63
63 98 12
63 99 98
64 65 96
64 66 14
64 67 30
64 68 32
64 70 89
64 71 86
64 72 7
64 73 66
64 74 8
64 75 42
64 76 58
64 77 25
64 78 55
64 80 9
64 81 79
64 82 68
64 83 14
64 84 76
64 85 53
64 86 38
64 88 18
64 89 51
64 90 99
64 91 57
64 92 86
64 93 17
64 94 60
64 95 76
64 96 47
64 97 49
64 99 88
65 66 39
65 67 23
65 68 52
65 69 94
65 70 22
65 72 63
65 73 95
65 74 5
65 75 50
65 76 75
65 78 82
65 79 94
65 81 11
65 82 51
65 83 15
65 84 28
65 85 48
65 86 15
65 87 62
65 88 27
65 89 50
65 90 89
65 95 91
65 96 29
65 97 67
65 98 1
65 99 55
66 67 50
66 68 7
66 70 30
66 71 58
66 72 13
66 73 2
66 74 97
66 75 60
66 76 16
66 77 41
66 78 29
66 80 76
66 82 73
66 83 98
66 85 4
66 87 36
66 89 56
66 90 22
66 91 35
66 92 29
66 93 75
66 94 5
66 95 39
66 96 60
66 97 75
66 98 66
66 99 38
67 68 93
67 69 21
67 70 90
67 71 50
67 72 78
67 73 88
67 74 21
67 75 11
67 76 96
67 77 27
67 78 20
67 79 70
67 80 29
67 82 14
67 83 9
67 84 21
67 85 88
67 88 69
67 89 25
67 90 4
67 91 85
67 92 94
67 94 88
67 95 64
67 97 33
67 98 37
67 99 30
68 69 49
68 70 13
68 71 11
68 72 60
68 73 82
68 75 21
68 76 24
68 77 8
68 78 55
68 79 26
68 80 22
68 81 69
68 82 12
68 83 19
68 85 29
68 86 66
68 87 21
68 88 92
68 89 5
68 90 64
68 91 18
68 92 40
68 93 31
68 95 15
68 96 17
68 97 58
68 98 1
68 99 10
69 70 65
69 71 15
69 72 20
69 73 77
69 74 95
69 78 4
69 79 82
69 80 41
69 81 73
69 82 26
69 83 86
69 84 97
69 85 77
69 87 29
69 88 59
69 89 70
69 90 81
69 91 89
69 92 33
69 93 59
69 94 58
69 95 81
69 97 71
69 98 37
70 71 41
70 72 99
70 73 16
70 75 41
70 76 47
70 77 76
70 78 24
70 79 49
70 81 69
70 82 5
70 83 9
70 84 72
70 86 22
70 89 6
70 90 35
70 91 99
70 93 84
70 94 36
70 96 100
70 97 23
70 98 88
70 99 46
71 72 7
71 73 26
71 74 11
71 75 81
71 77 39
71 78 75
71 80 95
71 81 46
71 82 55
71 83 3
71 84 60
71 85 40
71 88 11
71 90 35
71 91 65
71 92 94
71 93 5
71 94 35
71 96 41
71 97 30
71 98 86
71 99 17
72 73 72
72 74 20
72 75 23
72 76 38
72 77 48
72 78 92
72 79 3
72 80 91
72 81 95
72 82 36
72 83 72
72 84 93
72 85 85
72 89 6
72 90 9
72 91 44
72 93 100
72 94 70
72 95 95
72 96 88
72 97 79
72 98 91
72 99 34
73 74 9
73 75 84
73 77 70
73 78 82
73 79 36
73 81 58
73 82 35
73 84 62
73 85 91
73 86 1
73 87 55
73 88 14
73 89 32
73 92 20
73 93 23
73 94 86
73 96 57
73 97 8
73 98 38
73 99 19
74 75 31
74 76 6
74 77 80
74 78 80
74 79 54
74 80 29
74 81 21
74 83 10
74 86 58
74 87 97
74 88 96
74 89 98
74 91 92
74 94 9
74 95 83
74 96 77
74 97 18
74 98 25
74 99 31
75 76 97
75 77 80
75 78 73
75 79 61
75 80 39
75 82 6
75 83 62
75 84 63
75 85 53
75 86 95
75 88 36
75 90 18
75 93 48
75 95 9
75 96 36
75 97 99
75 98 5
75 99 52
76 77 20
76 78 36
76 79 82
76 80 22
76 81 8
76 82 59
76 83 47
76 84 75
76 85 98
76 86 72
76 87 77
76 88 12
76 90 18
76 91 79
76 92 46
76 93 75
76 94 6
76 95 52
76 96 23
76 98 55
77 78 94
77 79 62
77 80 26
77 81 93
77 83 25
77 84 43
77 85 41
77 87 15
77 88 52
77 89 11
77 90 23
77 91 66
77 92 65
77 93 55
77 94 33
77 95 65
77 96 47
77 98 86
78 79 46
78 80 25
78 81 22
78 84 6
78 85 81
78 87 55
78 88 9
78 89 19
78 90 8
78 91 58
78 92 47
78 93 32
78 94 59
78 95 34
78 96 16
78 97 89
78 98 91
78 99 86
79 80 1
79 81 76
79 82 12
79 84 5
79 85 60
79 86 72
79 88 60
79 89 56
79 90 68
79 91 37
79 92 80
79 94 78
79 95 20
79 96 33
79 97 8
79 98 37
79 99 36
80 81 6
80 82 55
80 83 98
80 84 2
80 85 53
80 86 20
80 89 43
80 90 99
80 91 33
80 92 37
80 93 48
80 94 91
80 95 26
80 96 87
80 97 7
80 99 69
81 82 79
81 83 87
81 84 47
81 85 76
81 87 33
81 88 88
81 90 23
81 91 72
81 92 92
81 93 80
81 94 97
81 96 66
81 97 9
81 98 74
81 99 56
82 83 72
82 84 81
82 85 7
82 86 76
82 89 91
82 90 69
82 91 42
82 92 13
82 93 10
82 94 55
82 95 72
82 96 100
82 97 79
82 99 66
83 84 63
83 85 85
83 87 37
83 88 99
83 89 100
83 90 77
83 91 62
83 92 98
83 93 94
83 94 89
83 95 53
83 96 98
83 97 12
83 98 90
83 99 35
84 86 23
84 88 41
84 89 82
84 90 5
84 92 51
84 94 77
84 96 43
84 97 23
84 98 13
84 99 91
85 86 2
85 87 28
85 88 58
85 89 80
85 90 7
85 92 90
85 93 99
85 94 86
85 95 13
85 96 29
85 98 13
85 99 84
86 87 51
86 88 56
86 89 42
86 91 11
86 94 83
86 95 76
86 96 17
86 97 86
86 98 22
86 99 15
87 88 82
87 89 76
87 90 36
87 91 77
87 92 26
87 94 83
87 97 48
87 98 49
87 99 97
88 89 45
88 90 81
88 91 3
88 92 15
88 93 82
88 95 10
88 96 45
88 97 31
88 99 91
89 90 63
89 92 91
89 93 38
89 94 74
89 96 9
89 97 18
89 98 3
90 91 27
90 92 80
90 93 69
90 94 20
90 95 60
90 96 16
90 97 44
90 98 64
91 92 91
91 93 49
91 94 82
91 95 29
91 96 25
91 97 11
91 98 31
91 99 13
92 93 60
92 94 48
92 95 18
92 96 6
92 97 6
92 98 61
93 94 77
93 96 39
93 97 10
93 98 94
93 99 74
94 96 18
94 97 72
94 98 51
94 99 64
95 96 86
95 98 65
95 99 36
96 97 12
96 98 89
96 99 69
97 99 35
98 99 31
