50 1225
0 1 17
0 2 58
0 3 85
0 4 43
0 5 71
0 6 63
0 7 95
0 8 52
0 9 62
0 10 64
0 11 45
0 12 62
0 13 94
0 14 13
0 15 24
0 16 8
0 17 19
0 18 91
0 19 57
0 20 50
0 21 46
0 22 17
0 23 87
0 24 73
0 25 32
0 26 24
0 27 71
0 28 53
0 29 40
0 30 65
0 31 52
0 32 16
0 33 33
0 34 57
0 35 56
0 36 52
0 37 19
0 38 74
0 39 76
0 40 49
0 41 31
0 42 97
0 43 70
0 44 24
0 45 54
0 46 43
0 47 7
0 48 63
0 49 79
1 2 74
1 3 83
1 4 67
1 5 36
1 6 87
1 7 56
1 8 41
1 9 99
1 10 67
1 11 47
1 12 81
1 13 27
1 14 51
1 15 6
1 16 64
1 17 42
1 18 23
1 19 54
1 20 86
1 21 92
1 22 71
1 23 47
1 24 72
1 25 47
1 26 72
1 27 33
1 28 16
1 29 2
1 30 68
1 31 23
1 32 70
1 33 5
1 34 56
1 35 24
1 36 86
1 37 78
1 38 97
1 39 84
1 40 13
1 41 88
1 42 60
1 43 88
1 44 33
1 45 42
1 46 34
1 47 51
1 48 75
1 49 49
2 3 39
2 4 96
2 5 41
2 6 80
2 7 2
2 8 60
2 9 35
2 10 67
2 11 59
2 12 44
2 13 9
2 14 70
2 15 32
2 16 75
2 17 93
2 18 35
2 19 82
2 20 26
2 21 61
2 22 58
2 23 41
2 24 13
2 25 44
2 26 61
2 27 53
2 28 36
2 29 6
2 30 47
2 31 79
2 32 49
2 33 33
2 34 74
2 35 14
2 36 29
2 37 46
2 38 58
2 39 83
2 40 87
2 41 1
2 42 13
2 43 62
2 44 51
2 45 56
2 46 49
2 47 1
2 48 87
2 49 12
3 4 44
3 5 66
3 6 57
3 7 26
3 8 37
3 9 94
3 10 13
3 11 53
3 12 60
3 13 16
3 14 17
3 15 50
3 16 48
3 17 33
3 18 2
3 19 89
3 20 46
3 21 92
3 22 86
3 23 42
3 24 59
3 25 94
3 26 96
3 27 44
3 28 84
3 29 47
3 30 38
3 31 45
3 32 6
3 33 80
3 34 22
3 35 51
3 36 80
3 37 61
3 38 11
3 39 27
3 40 18
3 41 76
3 42 22
3 43 67
3 44 51
3 45 29
3 46 31
3 47 98
3 48 76
3 49 20
4 5 64
4 6 79
4 7 61
4 8 44
4 9 51
4 10 70
4 11 18
4 12 81
4 13 42
4 14 52
4 15 94
4 16 70
4 17 4
4 18 58
4 19 80
4 20 89
4 21 21
4 22 53
4 23 92
4 24 65
4 25 47
4 26 43
4 27 35
4 28 71
4 29 62
4 30 83
4 31 54
4 32 66
4 33 8
4 34 55
4 35 30
4 36 75
4 37 40
4 38 9
4 39 90
4 40 24
4 41 22
4 42 64
4 43 39
4 44 99
4 45 63
4 46 60
4 47 22
4 48 59
4 49 26
5 6 51
5 7 19
5 8 93
5 9 59
5 10 18
5 11 81
5 12 9
5 13 75
5 14 81
5 15 60
5 16 80
5 17 73
5 18 46
5 19 45
5 20 13
5 21 58
5 22 23
5 23 49
5 24 94
5 25 79
5 26 24
5 27 23
5 28 64
5 29 22
5 30 69
5 31 75
5 32 18
5 33 61
5 34 73
5 35 85
5 36 75
5 37 79
5 38 1
5 39 70
5 40 67
5 41 6
5 42 35
5 43 98
5 44 74
5 45 67
5 46 19
5 47 67
5 48 35
5 49 11
6 7 80
6 8 54
6 9 79
6 10 86
6 11 9
6 12 1
6 13 17
6 14 26
6 15 50
6 16 86
6 17 79
6 18 10
6 19 68
6 20 96
6 21 19
6 22 23
6 23 100
6 24 23
6 25 65
6 26 88
6 27 54
6 28 79
6 29 31
6 30 50
6 31 31
6 32 89
6 33 79
6 34 14
6 35 86
6 36 43
6 37 44
6 38 42
6 39 13
6 40 89
6 41 88
6 42 77
6 43 36
6 44 54
6 45 88
6 46 99
6 47 87
6 48 96
6 49 87
7 8 16
7 9 20
7 10 99
7 11 48
7 12 23
7 13 19
7 14 88
7 15 58
7 16 79
7 17 39
7 18 40
7 19 55
7 20 70
7 21 21
7 22 8
7 23 33
7 24 27
7 25 7
7 26 98
7 27 86
7 28 4
7 29 74
7 30 12
7 31 49
7 32 25
7 33 63
7 34 66
7 35 5
7 36 87
7 37 52
7 38 68
7 39 97
7 40 3
7 41 45
7 42 5
7 43 44
7 44 9
7 45 73
7 46 73
7 47 65
7 48 36
7 49 28
8 9 95
8 10 29
8 11 30
8 12 72
8 13 77
8 14 17
8 15 100
8 16 22
8 17 54
8 18 31
8 19 13
8 20 16
8 21 81
8 22 72
8 23 59
8 24 14
8 25 83
8 26 76
8 27 9
8 28 68
8 29 57
8 30 11
8 31 89
8 32 42
8 33 26
8 34 1
8 35 95
8 36 20
8 37 10
8 38 12
8 39 85
8 40 75
8 41 99
8 42 34
8 43 5
8 44 12
8 45 25
8 46 84
8 47 9
8 48 3
8 49 58
9 10 35
9 11 53
9 12 93
9 13 73
9 14 49
9 15 25
9 16 75
9 17 78
9 18 93
9 19 74
9 20 94
9 21 40
9 22 63
9 23 94
9 24 74
9 25 73
9 26 86
9 27 44
9 28 70
9 29 77
9 30 92
9 31 16
9 32 99
9 33 51
9 34 22
9 35 29
9 36 68
9 37 35
9 38 58
9 39 11
9 40 72
9 41 62
9 42 42
9 43 27
9 44 81
9 45 50
9 46 41
9 47 52
9 48 86
9 49 100
10 11 38
10 12 78
10 13 37
10 14 58
10 15 3
10 16 63
10 17 88
10 18 14
10 19 78
10 20 100
10 21 68
10 22 7
10 23 79
10 24 71
10 25 15
10 26 13
10 27 11
10 28 22
10 29 44
10 30 40
10 31 23
10 32 24
10 33 15
10 34 88
10 35 8
10 36 6
10 37 4
10 38 74
10 39 5
10 40 38
10 41 56
10 42 83
10 43 26
10 44 58
10 45 80
10 46 33
10 47 25
10 48 52
10 49 43
11 12 72
11 13 77
11 14 67
11 15 85
11 16 89
11 17 1
11 18 61
11 19 22
11 20 12
11 21 5
11 22 31
11 23 40
11 24 50
11 25 57
11 26 86
11 27 92
11 28 60
11 29 8
11 30 1
11 31 96
11 32 45
11 33 49
11 34 42
11 35 50
11 36 22
11 37 67
11 38 84
11 39 70
11 40 29
11 41 32
11 42 12
11 43 6
11 44 65
11 45 58
11 46 2
11 47 99
11 48 89
11 49 54
12 13 5
12 14 58
12 15 38
12 16 80
12 17 10
12 18 66
12 19 88
12 20 77
12 21 74
12 22 8
12 23 38
12 24 22
12 25 18
12 26 56
12 27 33
12 28 74
12 29 23
12 30 61
12 31 72
12 32 82
12 33 38
12 34 12
12 35 76
12 36 21
12 37 38
12 38 4
12 39 64
12 40 41
12 41 28
12 42 19
12 43 80
12 44 67
12 45 54
12 46 92
12 47 15
12 48 89
12 49 16
13 14 88
13 15 79
13 16 87
13 17 20
13 18 61
13 19 14
13 20 73
13 21 13
13 22 17
13 23 35
13 24 34
13 25 70
13 26 82
13 27 23
13 28 20
13 29 2
13 30 89
13 31 58
13 32 22
13 33 44
13 34 44
13 35 41
13 36 37
13 37 57
13 38 94
13 39 73
13 40 47
13 41 68
13 42 10
13 43 51
13 44 93
13 45 97
13 46 47
13 47 19
13 48 91
13 49 32
14 15 40
14 16 20
14 17 3
14 18 3
14 19 64
14 20 93
14 21 100
14 22 55
14 23 8
14 24 38
14 25 87
14 26 34
14 27 98
14 28 48
14 29 47
14 30 94
14 31 41
14 32 97
14 33 76
14 34 64
14 35 44
14 36 21
14 37 50
14 38 19
14 39 38
14 40 58
14 41 10
14 42 59
14 43 20
14 44 39
14 45 100
14 46 87
14 47 9
14 48 61
14 49 82
15 16 29
15 17 67
15 18 94
15 19 76
15 20 33
15 21 5
15 22 45
15 23 42
15 24 33
15 25 43
15 26 19
15 27 46
15 28 43
15 29 47
15 30 25
15 31 20
15 32 63
15 33 40
15 34 8
15 35 74
15 36 27
15 37 97
15 38 6
15 39 72
15 40 14
15 41 88
15 42 61
15 43 39
15 44 81
15 45 33
15 46 13
15 47 73
15 48 74
15 49 27
16 17 61
16 18 73
16 19 66
16 20 56
16 21 92
16 22 100
16 23 27
16 24 91
16 25 38
16 26 13
16 27 30
16 28 10
16 29 35
16 30 91
16 31 65
16 32 51
16 33 11
16 34 16
16 35 4
16 36 75
16 37 66
16 38 92
16 39 19
16 40 45
16 41 11
16 42 30
16 43 22
16 44 30
16 45 20
16 46 62
16 47 25
16 48 88
16 49 11
17 18 13
17 19 51
17 20 29
17 21 78
17 22 61
17 23 63
17 24 83
17 25 2
17 26 95
17 27 59
17 28 81
17 29 73
17 30 29
17 31 2
17 32 66
17 33 99
17 34 28
17 35 63
17 36 26
17 37 62
17 38 4
17 39 58
17 40 9
17 41 88
17 42 31
17 43 85
17 44 71
17 45 8
17 46 36
17 47 50
17 48 75
17 49 89
18 19 75
18 20 80
18 21 30
18 22 45
18 23 52
18 24 2
18 25 63
18 26 97
18 27 6
18 28 91
18 29 65
18 30 42
18 31 46
18 32 17
18 33 49
18 34 48
18 35 41
18 36 10
18 37 10
18 38 43
18 39 96
18 40 64
18 41 33
18 42 34
18 43 46
18 44 43
18 45 64
18 46 63
18 47 97
18 48 18
18 49 57
19 20 72
19 21 83
19 22 20
19 23 49
19 24 25
19 25 49
19 26 93
19 27 1
19 28 48
19 29 73
19 30 77
19 31 51
19 32 2
19 33 57
19 34 24
19 35 24
19 36 34
19 37 83
19 38 42
19 39 94
19 40 50
19 41 45
19 42 3
19 43 99
19 44 77
19 45 29
19 46 71
19 47 48
19 48 55
19 49 71
20 21 32
20 22 37
20 23 79
20 24 58
20 25 82
20 26 90
20 27 50
20 28 12
20 29 26
20 30 85
20 31 45
20 32 56
20 33 34
20 34 39
20 35 27
20 36 14
20 37 93
20 38 33
20 39 5
20 40 58
20 41 83
20 42 47
20 43 72
20 44 42
20 45 27
20 46 97
20 47 12
20 48 45
20 49 76
21 22 58
21 23 11
21 24 95
21 25 19
21 26 17
21 27 56
21 28 54
21 29 46
21 30 96
21 31 10
21 32 31
21 33 16
21 34 45
21 35 84
21 36 63
21 37 63
21 38 69
21 39 87
21 40 93
21 41 69
21 42 57
21 43 36
21 44 51
21 45 88
21 46 31
21 47 96
21 48 48
21 49 19
22 23 32
22 24 89
22 25 9
22 26 69
22 27 77
22 28 97
22 29 32
22 30 52
22 31 21
22 32 90
22 33 38
22 34 56
22 35 53
22 36 39
22 37 91
22 38 18
22 39 71
22 40 67
22 41 19
22 42 47
22 43 43
22 44 32
22 45 94
22 46 21
22 47 36
22 48 48
22 49 20
23 24 97
23 25 82
23 26 78
23 27 23
23 28 45
23 29 1
23 30 32
23 31 48
23 32 19
23 33 26
23 34 26
23 35 71
23 36 22
23 37 49
23 38 29
23 39 89
23 40 66
23 41 44
23 42 32
23 43 77
23 44 57
23 45 11
23 46 84
23 47 18
23 48 17
23 49 80
24 25 53
24 26 95
24 27 73
24 28 81
24 29 97
24 30 17
24 31 31
24 32 66
24 33 77
24 34 11
24 35 34
24 36 55
24 37 18
24 38 34
24 39 59
24 40 8
24 41 24
24 42 24
24 43 64
24 44 61
24 45 15
24 46 64
24 47 73
24 48 12
24 49 69
25 26 98
25 27 12
25 28 42
25 29 16
25 30 91
25 31 12
25 32 17
25 33 98
25 34 43
25 35 96
25 36 1
25 37 22
25 38 8
25 39 65
25 40 60
25 41 29
25 42 39
25 43 85
25 44 43
25 45 39
25 46 83
25 47 36
25 48 35
25 49 71
26 27 47
26 28 45
26 29 40
26 30 45
26 31 13
26 32 15
26 33 59
26 34 91
26 35 31
26 36 96
26 37 62
26 38 35
26 39 41
26 40 26
26 41 21
26 42 64
26 43 15
26 44 48
26 45 68
26 46 84
26 47 89
26 48 2
26 49 68
27 28 50
27 29 18
27 30 64
27 31 70
27 32 67
27 33 50
27 34 71
27 35 14
27 36 7
27 37 79
27 38 4
27 39 35
27 40 49
27 41 27
27 42 35
27 43 15
27 44 64
27 45 50
27 46 68
27 47 57
27 48 88
27 49 13
28 29 69
28 30 60
28 31 86
28 32 49
28 33 90
28 34 96
28 35 17
28 36 65
28 37 53
28 38 26
28 39 85
28 40 100
28 41 70
28 42 18
28 43 73
28 44 34
28 45 53
28 46 55
28 47 96
28 48 75
28 49 14
29 30 57
29 31 39
29 32 73
29 33 55
29 34 67
29 35 1
29 36 51
29 37 17
29 38 48
29 39 38
29 40 37
29 41 57
29 42 38
29 43 30
29 44 39
29 45 10
29 46 81
29 47 44
29 48 37
29 49 93
30 31 51
30 32 95
30 33 74
30 34 10
30 35 81
30 36 1
30 37 24
30 38 7
30 39 72
30 40 94
30 41 38
30 42 59
30 43 99
30 44 60
30 45 93
30 46 34
30 47 75
30 48 73
30 49 70
31 32 33
31 33 35
31 34 7
31 35 59
31 36 66
31 37 23
31 38 43
31 39 89
31 40 15
31 41 19
31 42 11
31 43 22
31 44 5
31 45 11
31 46 54
31 47 37
31 48 98
31 49 49
32 33 26
32 34 72
32 35 22
32 36 11
32 37 38
32 38 57
32 39 10
32 40 84
32 41 45
32 42 26
32 43 30
32 44 52
32 45 72
32 46 56
32 47 58
32 48 36
32 49 58
33 34 80
33 35 8
33 36 7
33 37 67
33 38 70
33 39 67
33 40 14
33 41 52
33 42 30
33 43 18
33 44 22
33 45 72
33 46 65
33 47 91
33 48 45
33 49 9
34 35 89
34 36 44
34 37 68
34 38 46
34 39 40
34 40 88
34 41 5
34 42 85
34 43 30
34 44 90
34 45 52
34 46 64
34 47 67
34 48 69
34 49 53
35 36 37
35 37 19
35 38 86
35 39 11
35 40 25
35 41 33
35 42 79
35 43 14
35 44 42
35 45 30
35 46 46
35 47 28
35 48 15
35 49 27
36 37 71
36 38 75
36 39 97
36 40 63
36 41 32
36 42 66
36 43 78
36 44 65
36 45 46
36 46 93
36 47 97
36 48 40
36 49 70
37 38 13
37 39 71
37 40 72
37 41 98
37 42 88
37 43 96
37 44 18
37 45 70
37 46 61
37 47 32
37 48 47
37 49 35
38 39 11
38 40 81
38 41 24
38 42 34
38 43 94
38 44 100
38 45 34
38 46 16
38 47 46
38 48 89
38 49 23
39 40 86
39 41 97
39 42 23
39 43 39
39 44 57
39 45 39
39 46 69
39 47 41
39 48 74
39 49 17
40 41 11
40 42 89
40 43 91
40 44 89
40 45 63
40 46 62
40 47 90
40 48 57
40 49 1
41 42 72
41 43 45
41 44 96
41 45 24
41 46 89
41 47 7
41 48 23
41 49 10
42 43 32
42 44 63
42 45 52
42 46 96
42 47 59
42 48 59
42 49 11
43 44 83
43 45 50
43 46 25
43 47 51
43 48 55
43 49 32
44 45 64
44 46 52
44 47 96
44 48 89
44 49 35
45 46 19
45 47 20
45 48 92
45 49 88
46 47 46
46 48 24
46 49 93
47 48 10
47 49 87
48 49 50
