0.000000000000000000e+00
2.562350780532599015e-01
5.077685950413224347e-01
7.546005509641874331e-01
9.967309458218551743e-01
1.234159779614325325e+00
1.466887052341597997e+00
1.694912764003673411e+00
1.918236914600551346e+00
2.136859504132231802e+00
2.350780532598715222e+00
2.560000000000000497e+00
2.764517906336088515e+00
2.964334251606979276e+00
3.159449035812672779e+00
3.349862258953168137e+00
3.535573921028467126e+00
3.716584022038567969e+00
3.892892561983472000e+00
4.064499540863177884e+00
4.231404958677686956e+00
4.393608815426997438e+00
4.551111111111111995e+00
4.703911845730027963e+00
4.852011019283747117e+00
4.995408631772268571e+00
5.134104683195592322e+00
5.268099173553720149e+00
5.397392102846648498e+00
5.521983471074380923e+00
5.641873278236914757e+00
5.757061524334251779e+00
5.867548209366392875e+00
5.973333333333334494e+00
6.074416896235078411e+00
6.170798898071625516e+00
6.262479338842976695e+00
6.349458218549129285e+00
6.431735537190083285e+00
6.509311294765840472e+00
6.582185491276401734e+00
6.650358126721764407e+00
6.713829201101928490e+00
6.772598714416896648e+00
6.826666666666668881e+00
6.876033057851240748e+00
6.920697887970615803e+00
6.960661157024794043e+00
6.995922865013775471e+00
7.026483011937558310e+00
7.052341597796144335e+00
7.073498622589532658e+00
7.089954086317722393e+00
7.101707988980717978e+00
7.108760330578514086e+00
7.111111111111111605e+00
7.108760330578512310e+00
7.101707988980717978e+00
7.089954086317724169e+00
7.073498622589532658e+00
7.052341597796143446e+00
7.026483011937557421e+00
6.995922865013774583e+00
6.960661157024791379e+00
6.920697887970618467e+00
6.876033057851241637e+00
6.826666666666667993e+00
6.772598714416897536e+00
6.713829201101928490e+00
6.650358126721762630e+00
6.582185491276399958e+00
6.509311294765840472e+00
6.431735537190085950e+00
6.349458218549129285e+00
6.262479338842977583e+00
6.170798898071625516e+00
6.074416896235078411e+00
5.973333333333334494e+00
5.867548209366391987e+00
5.757061524334256220e+00
5.641873278236916534e+00
5.521983471074381811e+00
5.397392102846650275e+00
5.268099173553721926e+00
5.134104683195591434e+00
4.995408631772267682e+00
4.852011019283747117e+00
4.703911845730026187e+00
4.551111111111115548e+00
4.393608815426997438e+00
4.231404958677686068e+00
4.064499540863177884e+00
3.892892561983469335e+00
3.716584022038567525e+00
3.535573921028465350e+00
3.349862258953166361e+00
3.159449035812674111e+00
2.964334251606981496e+00
2.764517906336088515e+00
2.560000000000002274e+00
